LL,RBT,HT-P(55/45),HT-P(60/40),HT-P(65/38),HT-P(70/36),HT-P(80/30),HT-P(90/27),HT-P(95/15),HT:LL,HT:RBT,Mock,
184.64340,1026.63220,539.10940,302.45670,200.15870,199.91720,282.89660,342.60310,330.68000,1850.29840,1011.20750,124.39360,
162.60820,90.40500,61.60820,58.16710,58.89150,39.72390,36.73550,37.12790,36.88650,571.13600,626.01290,48.59830,
82.13420,75.79530,49.47370,47.66260,47.27020,46.45520,46.54570,47.23990,48.02480,329.59320,405.69040,36.64500,
91.73320,87.35630,46.48540,44.88550,44.76480,44.49320,44.70440,44.73460,43.37630,209.30490,343.11630,43.13480,
70.57320,64.65690,38.36550,37.36940,37.55050,37.21850,36.79590,37.73160,37.24870,130.94380,295.99710,38.24470,
70.51290,64.26450,38.48620,37.46000,38.21460,39.18050,36.82600,37.52040,36.88640,131.42680,226.63120,34.80370,
70.96560,63.38910,38.48620,37.42970,37.09770,38.87870,37.33920,37.97310,36.64500,130.79290,208.76150,34.65270,
69.48650,63.08730,38.09380,37.42980,36.97690,36.97700,37.09770,37.21850,36.58460,130.15890,208.00690,33.80750,
71.02600,65.59270,38.33540,37.27880,37.00710,36.79590,37.00720,37.03740,36.64500,130.40050,206.19570,33.74720,
73.28990,64.68710,39.05970,37.52030,36.97700,36.85630,36.94690,36.76570,36.82610,134.23410,263.24600,35.04510,
73.22950,63.57020,38.81820,38.15420,38.30520,37.76180,37.61090,37.70150,37.94290,163.78540,261.01230,34.35090,
70.99580,64.59650,38.99940,38.09380,39.39180,37.64100,37.94290,38.87870,37.76180,162.48740,266.20420,34.50180,
74.01440,70.02990,39.18050,38.06360,38.00330,37.61080,37.76190,37.94290,37.18830,156.14860,271.90920,34.89420,
71.38820,64.56640,38.96920,38.36550,38.00330,38.12410,37.42970,38.42590,37.70140,157.95970,341.72780,33.68680,
69.36580,66.92080,38.03350,37.06750,37.27890,37.18830,36.79590,37.24870,36.76570,131.48710,207.82580,33.92830,
68.43000,63.60040,38.96930,37.09770,37.46000,37.15810,36.61470,36.85630,36.31290,130.06840,248.21380,37.73170,
68.58100,63.41930,39.05980,37.27880,37.55060,36.97700,37.39960,36.91670,36.55440,128.22710,205.04880,33.74710,
70.39210,63.41940,38.24480,37.94290,37.00720,37.30900,36.91660,37.00720,37.09770,129.61560,205.32040,33.86790,
71.23730,63.08730,38.69760,37.91270,37.55050,36.76570,37.39960,36.82610,36.46390,128.04600,204.02240,36.04130,
69.51670,64.83810,38.33540,36.76560,37.76180,36.73550,36.91660,37.33930,36.58460,128.95150,205.50150,33.89800,
69.21490,64.65690,38.36550,37.64110,37.27880,37.06750,36.91660,38.12400,36.49410,128.40820,204.98840,33.92830,
69.78850,63.87200,38.15420,36.94680,37.06750,37.33920,37.76180,37.33920,36.37330,128.86100,205.04870,33.83770,
68.88290,63.47970,38.42590,37.36940,38.00330,37.18830,36.79590,37.55050,36.73550,128.07620,273.59960,33.77740,
70.57320,66.04540,38.18440,37.79200,36.91660,36.76570,36.73550,37.70140,37.49020,129.28360,211.23670,33.74720,
69.33560,63.60050,38.81830,37.58070,37.24870,36.88640,37.21850,37.30900,36.34310,130.91360,206.37690,33.71700,
70.27130,64.14380,38.39570,37.33920,36.55440,36.85620,36.37330,37.55060,36.46380,128.64970,206.92030,34.04910,
71.08640,65.29080,38.39570,37.94290,36.82610,37.33920,36.85630,37.27880,45.03650,130.82310,207.19190,33.83770,
70.09020,64.20410,37.94300,37.30900,37.03740,37.06750,36.91660,37.36940,36.61470,128.74030,204.29410,33.92830,
67.88680,63.81170,38.39570,37.73160,37.64110,36.94680,36.31290,36.85630,36.61470,128.95160,204.38470,33.80750,
70.96560,63.78160,38.00320,37.03730,36.85630,36.88650,37.03740,37.45990,36.91670,150.08130,208.30870,33.89810,
LL,RBT,HT-P(55/45),HT-P(60/40),HT-P(65/38),HT-P(70/36),HT-P(80/30),HT-P(90/27),HT-P(95/15),HT:LL,HT:RBT,Mock,

LL           71.216 ( 0.837)
RBT          65.332 ( 0.891)
HT-P(55/45)  38.804 ( 0.303)
HT-P(60/40)  37.808 ( 0.283)
HT-P(65/38)  37.716 ( 0.295)
HT-P(70/36)  37.556 ( 0.291)
HT-P(80/30)  37.349 ( 0.293)
HT-P(90/27)  37.728 ( 0.286)
HT-P(95/15)  37.395 ( 0.390)
HT:LL        138.031 ( 3.512)
HT:RBT       233.374 ( 8.113)
Mock         34.763 ( 0.392)

Subtracting the mock (34.763 [0.39180]):
LL           36.453 (0.83689)
RBT          30.569 (0.89101)
HT-P(55/45)  4.040 (0.30347)
HT-P(60/40)  3.044 (0.28289)
HT-P(65/38)  2.953 (0.29471)
HT-P(70/36)  2.793 (0.29109)
HT-P(80/30)  2.586 (0.29346)
HT-P(90/27)  2.965 (0.28634)
HT-P(95/15)  2.632 (0.38992)
HT:LL        103.267 (3.51225)
HT:RBT       198.610 (8.11274)
Test 7 completed successfully; took 0.401 seconds

